35220412305443000170590007472970114565612415
35220412305443000170590010464820002603788034
35220412305443000170590010464820002616392266
35220412305443000170590010464820003993480739
35220412305443000170590010464820003921092317
35220412305443000170590007472970115958494793
35220412305443000170590007472970115859735610
35220412305443000170590007472970115772967713
35220412305443000170590007472970115526903933
35220412305443000170590007472970115035078878
35220412305443000170590007472970115049901555
35220412305443000170590007472970114792900586
35220412305443000170590007194560816309616101
35220412305443000170590010464820004154945134
35220412305443000170590010464820004218407120
35220412305443000170590010464820004221949272
35220412305443000170590010464820004246665138
35220412305443000170590010464820004189686801
35220412305443000170590010464820004160580533
35220412305443000170590010464820004250933737
35220412305443000170590010464820004263180074
35220412305443000170590010464820004275987474
35220412305443000170590010464820004280561226
35220412305443000170590010464820004290555393
35220412305443000170590010464820004314711578
35220412305443000170590010464820004368073316
35220412305443000170590010464820004344684862
35220412305443000170590010464820004334425872
35220412305443000170590010464820004394308180
35220412305443000170590010464820004400017862
35220412305443000170590010464820004370307230
35220412305443000170590007472970114405900978
35220412305443000170590010464820004417218840
35220412305443000170590010464820004457781383
35220412305443000170590010464820004534247692
35220412305443000170590010464820004582383703
35220412305443000170590010464820004596666265
35220412305443000170590010464820004495958090
35220412305443000170590010464820004527167409
35220412305443000170590010464820004467334401
35220412305443000170590010464820004482276840
35220412305443000170590010464820004479873507
35220412305443000170590010464820004445684345
35220412305443000170590010464820004667835692
35220412305443000170590010464820004689275622
35220412305443000170590010464820004641842063
35220412305443000170590010464820004632520946
35220412305443000170590010464820004618865486
35220412305443000170590007472970114438841865
35220412305443000170590007472970114235685370
35220412305443000170590010464820004782913692
35220412305443000170590010464820004778159571
35220412305443000170590007472970117780665654
35220412305443000170590010464820004808029263
35220412305443000170590007472970118071872125
35220412305443000170590007472970118125276428
35220412305443000170590007472970117994859158
35220412305443000170590007472970118146748663
35220412305443000170590007472970118163154571
35220412305443000170590007472970116733137550
35220412305443000170590007472970117143419318
35220412305443000170590007472970117019498767
35220412305443000170590007472970117155923210
35220412305443000170590010464820000583430591
35220412305443000170590007472970117837579107
35220412305443000170590007472970118064593267
35220412305443000170590007472970117763380400
35220412305443000170590007472970117610330619
35220412305443000170590007472970117601415100
35220412305443000170590007472970117469040990
35220412305443000170590007472970116290223851
35220412305443000170590007472970113225675722
35220412305443000170590007472970113449302520
35220412305443000170590007472970113632620510
35220412305443000170590007472970116388903370
35220412305443000170590007472970116360850264
35220412305443000170590007472970116491160172
35220412305443000170590007472970116729518781
35220412305443000170590007472970116964635539
35220412305443000170590007472970116630383752
35220412305443000170590007472970116989609329
35220412305443000170590007472970115823840634
35220412305443000170590007472970115922346417
35220412305443000170590007472970115903352547
35220412305443000170590007472970115991139840
35220412305443000170590007472970115910945132
35220412305443000170590007472970116096870375
35220412305443000170590007472970116118107180
35220412305443000170590007472970114924023870
35220412305443000170590007472970114986177081
35220412305443000170590007472970114992001089
35220412305443000170590007472970114466675877
35220412305443000170590007194560804061770346
35220412305443000170590007472970114621822092
35220412305443000170590007472970114444607186
35220412305443000170590007472970114853426382
35220412305443000170590007472970114909760606
35220412305443000170590007472970114819158648
35220412305443000170590007472970114840548999
35220412305443000170590007472970114916719772
35220412305443000170590007472970114835835861
35220412305443000170590007472970115815918760
35220412305443000170590010464820004238104386
35220412305443000170590007472970114656294181
35220412305443000170590007472970114665200712
35220412305443000170590007472970117210359717
35220412305443000170590007472970117413553682
35220412305443000170590007472970117424428531
35220412305443000170590007472970115934687168
35220412305443000170590007472970114151915162
35220412305443000170590007472970114196917202
35220412305443000170590007472970117053449382
35220412305443000170590007472970114003310238
35220412305443000170590007472970115536175833
35220412305443000170590007472970114603574040
35220412305443000170590007472970114570569778
35220412305443000170590007472970114570569778
35220412305443000170590007472970114603574040
35220412305443000170590007472970114679392287
35220412305443000170590007472970114216964510
35220412305443000170590007472970114511096788
35220412305443000170590007472970113955139376
35220412305443000170590007472970113948118245
35220412305443000170590007472970113895563878
35220412305443000170590007472970113815320515
35220412305443000170590007472970113769712975
35220412305443000170590007472970113731344260
35220412305443000170590007472970113706993659
35220412305443000170590007472970113684023270
35220412305443000170590007472970113675565073
35220412305443000170590007472970113645063657
35220412305443000170590007472970113621850152
35220412305443000170590007472970113609436805
35220412305443000170590007472970113590004735
35220412305443000170590007472970113551944650
35220412305443000170590007472970113589809750
35220412305443000170590007472970113518425584
35220412305443000170590007472970113495279013
35220412305443000170590007472970113420610286
35220412305443000170590007472970113392811367
35220412305443000170590007472970113469424451
35220412305443000170590007472970113296608386
35220412305443000170590007472970113349894833
35220412305443000170590007472970113413261522
35220412305443000170590007472970113338238549
35220412305443000170590007472970113370878868
35220412305443000170590007472970113192928996
35220412305443000170590007472970113109642430
35220412305443000170590007472970113060314583
35220412305443000170590007472970113182804968
35220412305443000170590007472970113165857099
35220412305443000170590007472970113409258539
35220412305443000170590007472970112991449225
35220412305443000170590007472970113991024800
35220412305443000170590007472970113984720030
35220412305443000170590007472970112733789783
35220412305443000170590007472970112170390340
35220412305443000170590007472970113211046230
35220412305443000170590007472970112894703627
35220412305443000170590007472970112796759288
35220412305443000170590007472970112859578498
35220412305443000170590007472970112726988768
35220412305443000170590007472970113036687200
35220412305443000170590007472970113026041391
35220412305443000170590007472970112842184378
35220412305443000170590007472970112699616524
35220412305443000170590007472970112688186159
35220412305443000170590007472970112654063062
35220412305443000170590007472970112632614643
35220412305443000170590007472970112571441051
35220412305443000170590007472970112565390912
35220412305443000170590007472970112538984890
35220412305443000170590007472970112528271484
35220412305443000170590007472970112481369858
35220412305443000170590007472970112499068370
35220412305443000170590007472970112646965680
35220412305443000170590007472970112151922588
35220412305443000170590007472970112430093030
35220412305443000170590007472970112342431430
35220412305443000170590007472970117487311437
35220412305443000170590007472970112339122686
35220412305443000170590007472970112327714680
35220412305443000170590007472970112169014888
35220412305443000170590007472970112143167288
35220412305443000170590007472970117628801117
35220412305443000170590007472970115162034365
35220412305443000170590007472970115175649290
35220412305443000170590007472970115146655342
35220412305443000170590007472970115218649904
35220412305443000170590007472970115266741548
35220412305443000170590007472970115255873987
35220412305443000170590007194560816170261780
35220412305443000170590007194560816189624790
35220412305443000170590007194560816109143234
35220412305443000170590007194560816109143234
35220412305443000170590007194560816095691337
35220412305443000170590010464820005740097755
35220412305443000170590010464820003841586194
35220412305443000170590007194560816051496652
35220412305443000170590010464820003585175666
35220412305443000170590010464820003558382680
35220412305443000170590010464820003569737434
35220412305443000170590007194560816222369668
35220412305443000170590007194560816165788261
35220412305443000170590007194560816036439414
35220412305443000170590010464820003726122393
35220412305443000170590010464820003753026740
35220412305443000170590010464820003683973885
35220412305443000170590007194560816642524275
35220412305443000170590007194560816604963518
35220412305443000170590010464820006268354271
35220412305443000170590010464820006188514671
35220412305443000170590007194560816518865473
35220412305443000170590007194560816494540073
35220412305443000170590007194560816004299528
35220412305443000170590007194560816017049940
35220412305443000170590010464820003401552720
35220412305443000170590010464820003418501547
35220412305443000170590010464820003395191121
35220412305443000170590010464820006493906499
35220412305443000170590010464820006631532327
35220412305443000170590007194560816905484147
35220412305443000170590007194560816935783517
35220412305443000170590007194560816874992570
35220412305443000170590010464820006593331595
35220412305443000170590007194560816832817737
35220412305443000170590007194560816863326832
35220412305443000170590007472970113476057876
35220412305443000170590010464820006535960585
35220412305443000170590007194560816694581890
35220412305443000170590007194560816797299470
35220412305443000170590007194560816742483813
35220412305443000170590007194560816731925267
35220412305443000170590007194560816717187718
35220412305443000170590007194560816547633135
35220412305443000170590010464820006052046625
35220412305443000170590007194560816708652748
35220412305443000170590007194560816477414456
35220412305443000170590010464820008835635082
35220412305443000170590010464820006396563434
35220412305443000170590007472970113794182100
35220412305443000170590007472970113970434049
35220412305443000170590010464820005432981620
35220412305443000170590010464820004926655644
35220412305443000170590010464820004917110185
35220412305443000170590010464820004909882956
35220412305443000170590010464820004853436336
35220412305443000170590007472970114544701559
35220412305443000170590010464820005092108011
35220412305443000170590007194560816351781182
35220412305443000170590010464820005142153473
35220412305443000170590010464820005293835565
35220412305443000170590010464820005396281821
35220412305443000170590010464820005408777856
35220412305443000170590010464820005694693346
35220412305443000170590010464820005174310108
35220412305443000170590007194560816327480984
35220412305443000170590007194560816334362096
35220412305443000170590010464820005267708012
35220412305443000170590010464820005189773702
35220412305443000170590010464820005157709740
35220412305443000170590007194560816940112773
35220412305443000170590007194560816955184686
35220412305443000170590010464820005956900190
35220412305443000170590007194560816654594303
35220412305443000170590010464820008557904765
35220412305443000170590007194560816821489342
35220412305443000170590010464820002670498930
35220412305443000170590007472970112750925568
35220412305443000170590010464820002718338155
35220412305443000170590010464820002729520103
35220412305443000170590010464820002750365618
35220412305443000170590010464820002852494310
35220412305443000170590010464820002986271773
35220412305443000170590010464820005932814951
35220412305443000170590010464820006322677770
35220412305443000170590010464820005824288306
35220412305443000170590010464820005719486470
35220412305443000170590010464820005768397540
35220412305443000170590010464820005594565133
35220412305443000170590007194560816446706501
35220412305443000170590007194560816380707076
35220412305443000170590010464820005521277855
35220412305443000170590010464820005530064710
35220412305443000170590010464820005507136840
35220412305443000170590010464820005212659460
35220412305443000170590010464820005301614534
35220412305443000170590010464820005312287297
35220412305443000170590010464820005385304817
35220412305443000170590007194560816455771957
35220412305443000170590010464820005078729047
35220412305443000170590010464820005482911080
35220412305443000170590010464820005029755137
35220412305443000170590010464820004949722143
35220412305443000170590010464820005208188997
35220412305443000170590010464820005033573196
35220412305443000170590010464820004932561451
35220412305443000170590010464820004967853521
35220412305443000170590010464820004987651150
35220412305443000170590007194560816069317709
35220412305443000170590007194560816679671581
35220412305443000170590010464820003369710923
35220412305443000170590010464820003352925727
35220412305443000170590010464820003348321189
35220412305443000170590010464820003375342442
35220412305443000170590010464820003050506276
35220412305443000170590010464820003032754573
35220412305443000170590010464820002844444910
35220412305443000170590010464820003006185451
35220412305443000170590010464820003327520310
35220412305443000170590007194560816482830780
35220412305443000170590010464820005899372991
35220412305443000170590010464820002665202750
35220412305443000170590007194560817155619473
35220412305443000170590007194560817137882745
35220412305443000170590010464820007072114950
35220412305443000170590010464820007067396293
35220412305443000170590010464820004882147819
35220412305443000170590010464820004811594995
35220412305443000170590010464820005015115033
35220412305443000170590010464820005687696661
35220412305443000170590010464820002573958450
35220412305443000170590010464820008825339480
35220412305443000170590010464820008705801829
35220412305443000170590007194560818388439697
35220412305443000170590007194560818377729486
35220412305443000170590010464820008420416188
35220412305443000170590010464820008680093265
35220412305443000170590007194560818339221721
35220412305443000170590007194560818362199605
35220412305443000170590007194560818329941438
35220412305443000170590010464820008577431439
35220412305443000170590010464820008596481144
35220412305443000170590010464820008581930355
35220412305443000170590010464820008389116742
35220412305443000170590010464820008517089041
35220412305443000170590010464820008369847040
35220412305443000170590010464820008353434868
35220412305443000170590010464820008532187920
35220412305443000170590010464820008494275413
35220412305443000170590010464820008347016650
35220412305443000170590010464820008443242534
35220412305443000170590010464820008460995499
35220412305443000170590010464820008454834810
35220412305443000170590007194560818220608394
35220412305443000170590010464820008304898368
35220412305443000170590010464820008292708343
35220412305443000170590010464820008271808454
35220412305443000170590007194560818166630129
35220412305443000170590007194560818179069005
35220412305443000170590007194560818134084250
35220412305443000170590010464820008267550634
35220412305443000170590010464820008212247093
35220412305443000170590010464820008237043122
35220412305443000170590010464820008240668057
35220412305443000170590010464820008227240782
35220412305443000170590010464820008206865600
35220412305443000170590010464820008180854526
35220412305443000170590010464820008178951900
35220412305443000170590010464820008145147134
